Classification Report (CNN Model)
==================================================

              precision    recall  f1-score   support

           A     0.9377    1.0000    0.9678       331
           B     1.0000    0.9977    0.9988       432
           C     1.0000    1.0000    1.0000       310
           D     1.0000    1.0000    1.0000       245
           E     0.8856    0.9639    0.9231       498
           F     1.0000    1.0000    1.0000       247
           G     0.9403    0.9052    0.9224       348
           H     0.9811    0.9541    0.9674       436
           I     0.9248    0.8542    0.8881       288
           K     0.9275    0.9275    0.9275       331
           L     0.9167    1.0000    0.9565       209
           M     0.8934    0.8934    0.8934       394
           N     1.0000    0.7079    0.8290       291
           O     1.0000    1.0000    1.0000       246
           P     0.9405    0.9568    0.9486       347
           Q     0.8542    1.0000    0.9213       164
           R     0.7612    0.7083    0.7338       144
           S     0.7824    0.8333    0.8071       246
           T     1.0000    0.6371    0.7783       248
           U     0.9202    0.9098    0.9149       266
           V     0.9426    0.9971    0.9691       346
           W     1.0000    1.0000    1.0000       206
           X     0.8116    1.0000    0.8960       267
           Y     0.8889    0.9398    0.9136       332

    accuracy                         0.9306      7172
   macro avg     0.9295    0.9244    0.9232      7172
weighted avg     0.9341    0.9306    0.9290      7172
